SELF_FORCE_RAWDATA_LOWER = {
	11000, 11000, 11000, 11000, 11000, 11000, 11000, 11000, 11000, 11000, 11000, 11000, 11000, 11000, 11000, 11000,
}
SELF_FORCE_RAWDATA_UPPER = {
	13000, 13000, 13000, 13000, 13000, 13000, 13000, 13000, 13000, 13000, 13000, 13000, 13000, 13000, 13000, 13000,
}
SELF_SENSE_RAWDATA_LOWER = {
	11000, 11000, 11000, 11000, 11000, 11000, 11000, 11000, 11000, 11000, 11000, 11000, 11000, 11000, 11000, 11000, 11000, 11000, 11000, 11000, 11000, 11000, 11000, 11000, 11000, 11000, 11000, 11000, 11000, 11000, 11000, 11000,
}
SELF_SENSE_RAWDATA_UPPER = {
	13000, 13000, 13000, 13000, 13000, 13000, 13000, 13000, 13000, 13000, 13000, 13000, 13000, 13000, 13000, 13000, 13000, 13000, 13000, 13000, 13000, 13000, 13000, 13000, 13000, 13000, 13000, 13000, 13000, 13000, 13000, 13000,
}
MUTUAL_RAWDATA_LOWER = {
	2457, 2457, 2457, 2457, 2457, 2457, 2457, 2457, 2457, 2457, 2457, 2457, 2457, 2457, 2457, 2457,	2457, 2457, 2457, 2457, 2457, 2457, 2457, 2457, 2457, 2457, 2457, 2457, 2457, 2457, 2457, 2457,
	2457, 2457, 2457, 2457, 2457, 2457, 2457, 2457, 2457, 2457, 2457, 2457, 2457, 2457, 2457, 2457,	2457, 2457, 2457, 2457, 2457, 2457, 2457, 2457, 2457, 2457, 2457, 2457, 2457, 2457, 2457, 2457,
	2457, 2457, 2457, 2457, 2457, 2457, 2457, 2457, 2457, 2457, 2457, 2457, 2457, 2457, 2457, 2457,	2457, 2457, 2457, 2457, 2457, 2457, 2457, 2457, 2457, 2457, 2457, 2457, 2457, 2457, 2457, 2457,
	2457, 2457, 2457, 2457, 2457, 2457, 2457, 2457, 2457, 2457, 2457, 2457, 2457, 2457, 2457, 2457,	2457, 2457, 2457, 2457, 2457, 2457, 2457, 2457, 2457, 2457, 2457, 2457, 2457, 2457, 2457, 2457,
	2457, 2457, 2457, 2457, 2457, 2457, 2457, 2457, 2457, 2457, 2457, 2457, 2457, 2457, 2457, 2457,	2457, 2457, 2457, 2457, 2457, 2457, 2457, 2457, 2457, 2457, 2457, 2457, 2457, 2457, 2457, 2457,
	2457, 2457, 2457, 2457, 2457, 2457, 2457, 2457, 2457, 2457, 2457, 2457, 2457, 2457, 2457, 2457,	2457, 2457, 2457, 2457, 2457, 2457, 2457, 2457, 2457, 2457, 2457, 2457, 2457, 2457, 2457, 2457,
	2457, 2457, 2457, 2457, 2457, 2457, 2457, 2457, 2457, 2457, 2457, 2457, 2457, 2457, 2457, 2457,	2457, 2457, 2457, 2457, 2457, 2457, 2457, 2457, 2457, 2457, 2457, 2457, 2457, 2457, 2457, 2457,
	2457, 2457, 2457, 2457, 2457, 2457, 2457, 2457, 2457, 2457, 2457, 2457, 2457, 2457, 2457, 2457,	2457, 2457, 2457, 2457, 2457, 2457, 2457, 2457, 2457, 2457, 2457, 2457, 2457, 2457, 2457, 2457,
	2457, 2457, 2457, 2457, 2457, 2457, 2457, 2457, 2457, 2457, 2457, 2457, 2457, 2457, 2457, 2457,	2457, 2457, 2457, 2457, 2457, 2457, 2457, 2457, 2457, 2457, 2457, 2457, 2457, 2457, 2457, 2457,
	2457, 2457, 2457, 2457, 2457, 2457, 2457, 2457, 2457, 2457, 2457, 2457, 2457, 2457, 2457, 2457,	2457, 2457, 2457, 2457, 2457, 2457, 2457, 2457, 2457, 2457, 2457, 2457, 2457, 2457, 2457, 2457,
	2457, 2457, 2457, 2457, 2457, 2457, 2457, 2457, 2457, 2457, 2457, 2457, 2457, 2457, 2457, 2457,	2457, 2457, 2457, 2457, 2457, 2457, 2457, 2457, 2457, 2457, 2457, 2457, 2457, 2457, 2457, 2457,
	2457, 2457, 2457, 2457, 2457, 2457, 2457, 2457, 2457, 2457, 2457, 2457, 2457, 2457, 2457, 2457,	2457, 2457, 2457, 2457, 2457, 2457, 2457, 2457, 2457, 2457, 2457, 2457, 2457, 2457, 2457, 2457,
	2457, 2457, 2457, 2457, 2457, 2457, 2457, 2457, 2457, 2457, 2457, 2457, 2457, 2457, 2457, 2457,	2457, 2457, 2457, 2457, 2457, 2457, 2457, 2457, 2457, 2457, 2457, 2457, 2457, 2457, 2457, 2457,
	2457, 2457, 2457, 2457, 2457, 2457, 2457, 2457, 2457, 2457, 2457, 2457, 2457, 2457, 2457, 2457,	2457, 2457, 2457, 2457, 2457, 2457, 2457, 2457, 2457, 2457, 2457, 2457, 2457, 2457, 2457, 2457,
	2457, 2457, 2457, 2457, 2457, 2457, 2457, 2457, 2457, 2457, 2457, 2457, 2457, 2457, 2457, 2457,	2457, 2457, 2457, 2457, 2457, 2457, 2457, 2457, 2457, 2457, 2457, 2457, 2457, 2457, 2457, 2457,
	2457, 2457, 2457, 2457, 2457, 2457, 2457, 2457, 2457, 2457, 2457, 2457, 2457, 2457, 2457, 2457,	2457, 2457, 2457, 2457, 2457, 2457, 2457, 2457, 2457, 2457, 2457, 2457, 2457, 2457, 2457, 2457,
}
MUTUAL_RAWDATA_UPPER = {
	3686, 3686, 3686, 3686, 3686, 3686, 3686, 3686, 3686, 3686, 3686, 3686, 3686, 3686, 3686, 3686,	3686, 3686, 3686, 3686, 3686, 3686, 3686, 3686, 3686, 3686, 3686, 3686, 3686, 3686, 3686, 3686,
	3686, 3686, 3686, 3686, 3686, 3686, 3686, 3686, 3686, 3686, 3686, 3686, 3686, 3686, 3686, 3686,	3686, 3686, 3686, 3686, 3686, 3686, 3686, 3686, 3686, 3686, 3686, 3686, 3686, 3686, 3686, 3686,
	3686, 3686, 3686, 3686, 3686, 3686, 3686, 3686, 3686, 3686, 3686, 3686, 3686, 3686, 3686, 3686,	3686, 3686, 3686, 3686, 3686, 3686, 3686, 3686, 3686, 3686, 3686, 3686, 3686, 3686, 3686, 3686,
	3686, 3686, 3686, 3686, 3686, 3686, 3686, 3686, 3686, 3686, 3686, 3686, 3686, 3686, 3686, 3686,	3686, 3686, 3686, 3686, 3686, 3686, 3686, 3686, 3686, 3686, 3686, 3686, 3686, 3686, 3686, 3686,
	3686, 3686, 3686, 3686, 3686, 3686, 3686, 3686, 3686, 3686, 3686, 3686, 3686, 3686, 3686, 3686,	3686, 3686, 3686, 3686, 3686, 3686, 3686, 3686, 3686, 3686, 3686, 3686, 3686, 3686, 3686, 3686,
	3686, 3686, 3686, 3686, 3686, 3686, 3686, 3686, 3686, 3686, 3686, 3686, 3686, 3686, 3686, 3686,	3686, 3686, 3686, 3686, 3686, 3686, 3686, 3686, 3686, 3686, 3686, 3686, 3686, 3686, 3686, 3686,
	3686, 3686, 3686, 3686, 3686, 3686, 3686, 3686, 3686, 3686, 3686, 3686, 3686, 3686, 3686, 3686,	3686, 3686, 3686, 3686, 3686, 3686, 3686, 3686, 3686, 3686, 3686, 3686, 3686, 3686, 3686, 3686,
	3686, 3686, 3686, 3686, 3686, 3686, 3686, 3686, 3686, 3686, 3686, 3686, 3686, 3686, 3686, 3686,	3686, 3686, 3686, 3686, 3686, 3686, 3686, 3686, 3686, 3686, 3686, 3686, 3686, 3686, 3686, 3686,
	3686, 3686, 3686, 3686, 3686, 3686, 3686, 3686, 3686, 3686, 3686, 3686, 3686, 3686, 3686, 3686,	3686, 3686, 3686, 3686, 3686, 3686, 3686, 3686, 3686, 3686, 3686, 3686, 3686, 3686, 3686, 3686,
	3686, 3686, 3686, 3686, 3686, 3686, 3686, 3686, 3686, 3686, 3686, 3686, 3686, 3686, 3686, 3686,	3686, 3686, 3686, 3686, 3686, 3686, 3686, 3686, 3686, 3686, 3686, 3686, 3686, 3686, 3686, 3686,
	3686, 3686, 3686, 3686, 3686, 3686, 3686, 3686, 3686, 3686, 3686, 3686, 3686, 3686, 3686, 3686,	3686, 3686, 3686, 3686, 3686, 3686, 3686, 3686, 3686, 3686, 3686, 3686, 3686, 3686, 3686, 3686,
	3686, 3686, 3686, 3686, 3686, 3686, 3686, 3686, 3686, 3686, 3686, 3686, 3686, 3686, 3686, 3686,	3686, 3686, 3686, 3686, 3686, 3686, 3686, 3686, 3686, 3686, 3686, 3686, 3686, 3686, 3686, 3686,
	3686, 3686, 3686, 3686, 3686, 3686, 3686, 3686, 3686, 3686, 3686, 3686, 3686, 3686, 3686, 3686,	3686, 3686, 3686, 3686, 3686, 3686, 3686, 3686, 3686, 3686, 3686, 3686, 3686, 3686, 3686, 3686,
	3686, 3686, 3686, 3686, 3686, 3686, 3686, 3686, 3686, 3686, 3686, 3686, 3686, 3686, 3686, 3686,	3686, 3686, 3686, 3686, 3686, 3686, 3686, 3686, 3686, 3686, 3686, 3686, 3686, 3686, 3686, 3686,
	3686, 3686, 3686, 3686, 3686, 3686, 3686, 3686, 3686, 3686, 3686, 3686, 3686, 3686, 3686, 3686,	3686, 3686, 3686, 3686, 3686, 3686, 3686, 3686, 3686, 3686, 3686, 3686, 3686, 3686, 3686, 3686,
	3686, 3686, 3686, 3686, 3686, 3686, 3686, 3686, 3686, 3686, 3686, 3686, 3686, 3686, 3686, 3686,	3686, 3686, 3686, 3686, 3686, 3686, 3686, 3686, 3686, 3686, 3686, 3686, 3686, 3686, 3686, 3686,
}
LPWG_RAWDATA_LOWER = {
	2457, 2457, 2457, 2457, 2457, 2457, 2457, 2457, 2457, 2457, 2457, 2457, 2457, 2457, 2457, 2457,	2457, 2457, 2457, 2457, 2457, 2457, 2457, 2457, 2457, 2457, 2457, 2457, 2457, 2457, 2457, 2457,
	2457, 2457, 2457, 2457, 2457, 2457, 2457, 2457, 2457, 2457, 2457, 2457, 2457, 2457, 2457, 2457,	2457, 2457, 2457, 2457, 2457, 2457, 2457, 2457, 2457, 2457, 2457, 2457, 2457, 2457, 2457, 2457,
	2457, 2457, 2457, 2457, 2457, 2457, 2457, 2457, 2457, 2457, 2457, 2457, 2457, 2457, 2457, 2457,	2457, 2457, 2457, 2457, 2457, 2457, 2457, 2457, 2457, 2457, 2457, 2457, 2457, 2457, 2457, 2457,
	2457, 2457, 2457, 2457, 2457, 2457, 2457, 2457, 2457, 2457, 2457, 2457, 2457, 2457, 2457, 2457,	2457, 2457, 2457, 2457, 2457, 2457, 2457, 2457, 2457, 2457, 2457, 2457, 2457, 2457, 2457, 2457,
	2457, 2457, 2457, 2457, 2457, 2457, 2457, 2457, 2457, 2457, 2457, 2457, 2457, 2457, 2457, 2457,	2457, 2457, 2457, 2457, 2457, 2457, 2457, 2457, 2457, 2457, 2457, 2457, 2457, 2457, 2457, 2457,
	2457, 2457, 2457, 2457, 2457, 2457, 2457, 2457, 2457, 2457, 2457, 2457, 2457, 2457, 2457, 2457,	2457, 2457, 2457, 2457, 2457, 2457, 2457, 2457, 2457, 2457, 2457, 2457, 2457, 2457, 2457, 2457,
	2457, 2457, 2457, 2457, 2457, 2457, 2457, 2457, 2457, 2457, 2457, 2457, 2457, 2457, 2457, 2457,	2457, 2457, 2457, 2457, 2457, 2457, 2457, 2457, 2457, 2457, 2457, 2457, 2457, 2457, 2457, 2457,
	2457, 2457, 2457, 2457, 2457, 2457, 2457, 2457, 2457, 2457, 2457, 2457, 2457, 2457, 2457, 2457,	2457, 2457, 2457, 2457, 2457, 2457, 2457, 2457, 2457, 2457, 2457, 2457, 2457, 2457, 2457, 2457,
	2457, 2457, 2457, 2457, 2457, 2457, 2457, 2457, 2457, 2457, 2457, 2457, 2457, 2457, 2457, 2457,	2457, 2457, 2457, 2457, 2457, 2457, 2457, 2457, 2457, 2457, 2457, 2457, 2457, 2457, 2457, 2457,
	2457, 2457, 2457, 2457, 2457, 2457, 2457, 2457, 2457, 2457, 2457, 2457, 2457, 2457, 2457, 2457,	2457, 2457, 2457, 2457, 2457, 2457, 2457, 2457, 2457, 2457, 2457, 2457, 2457, 2457, 2457, 2457,
	2457, 2457, 2457, 2457, 2457, 2457, 2457, 2457, 2457, 2457, 2457, 2457, 2457, 2457, 2457, 2457,	2457, 2457, 2457, 2457, 2457, 2457, 2457, 2457, 2457, 2457, 2457, 2457, 2457, 2457, 2457, 2457,
	2457, 2457, 2457, 2457, 2457, 2457, 2457, 2457, 2457, 2457, 2457, 2457, 2457, 2457, 2457, 2457,	2457, 2457, 2457, 2457, 2457, 2457, 2457, 2457, 2457, 2457, 2457, 2457, 2457, 2457, 2457, 2457,
	2457, 2457, 2457, 2457, 2457, 2457, 2457, 2457, 2457, 2457, 2457, 2457, 2457, 2457, 2457, 2457,	2457, 2457, 2457, 2457, 2457, 2457, 2457, 2457, 2457, 2457, 2457, 2457, 2457, 2457, 2457, 2457,
	2457, 2457, 2457, 2457, 2457, 2457, 2457, 2457, 2457, 2457, 2457, 2457, 2457, 2457, 2457, 2457,	2457, 2457, 2457, 2457, 2457, 2457, 2457, 2457, 2457, 2457, 2457, 2457, 2457, 2457, 2457, 2457,
	2457, 2457, 2457, 2457, 2457, 2457, 2457, 2457, 2457, 2457, 2457, 2457, 2457, 2457, 2457, 2457,	2457, 2457, 2457, 2457, 2457, 2457, 2457, 2457, 2457, 2457, 2457, 2457, 2457, 2457, 2457, 2457,
	2457, 2457, 2457, 2457, 2457, 2457, 2457, 2457, 2457, 2457, 2457, 2457, 2457, 2457, 2457, 2457,	2457, 2457, 2457, 2457, 2457, 2457, 2457, 2457, 2457, 2457, 2457, 2457, 2457, 2457, 2457, 2457,
}
LPWG_RAWDATA_UPPER = {
	3686, 3686, 3686, 3686, 3686, 3686, 3686, 3686, 3686, 3686, 3686, 3686, 3686, 3686, 3686, 3686,	3686, 3686, 3686, 3686, 3686, 3686, 3686, 3686, 3686, 3686, 3686, 3686, 3686, 3686, 3686, 3686,
	3686, 3686, 3686, 3686, 3686, 3686, 3686, 3686, 3686, 3686, 3686, 3686, 3686, 3686, 3686, 3686,	3686, 3686, 3686, 3686, 3686, 3686, 3686, 3686, 3686, 3686, 3686, 3686, 3686, 3686, 3686, 3686,
	3686, 3686, 3686, 3686, 3686, 3686, 3686, 3686, 3686, 3686, 3686, 3686, 3686, 3686, 3686, 3686,	3686, 3686, 3686, 3686, 3686, 3686, 3686, 3686, 3686, 3686, 3686, 3686, 3686, 3686, 3686, 3686,
	3686, 3686, 3686, 3686, 3686, 3686, 3686, 3686, 3686, 3686, 3686, 3686, 3686, 3686, 3686, 3686,	3686, 3686, 3686, 3686, 3686, 3686, 3686, 3686, 3686, 3686, 3686, 3686, 3686, 3686, 3686, 3686,
	3686, 3686, 3686, 3686, 3686, 3686, 3686, 3686, 3686, 3686, 3686, 3686, 3686, 3686, 3686, 3686,	3686, 3686, 3686, 3686, 3686, 3686, 3686, 3686, 3686, 3686, 3686, 3686, 3686, 3686, 3686, 3686,
	3686, 3686, 3686, 3686, 3686, 3686, 3686, 3686, 3686, 3686, 3686, 3686, 3686, 3686, 3686, 3686,	3686, 3686, 3686, 3686, 3686, 3686, 3686, 3686, 3686, 3686, 3686, 3686, 3686, 3686, 3686, 3686,
	3686, 3686, 3686, 3686, 3686, 3686, 3686, 3686, 3686, 3686, 3686, 3686, 3686, 3686, 3686, 3686,	3686, 3686, 3686, 3686, 3686, 3686, 3686, 3686, 3686, 3686, 3686, 3686, 3686, 3686, 3686, 3686,
	3686, 3686, 3686, 3686, 3686, 3686, 3686, 3686, 3686, 3686, 3686, 3686, 3686, 3686, 3686, 3686,	3686, 3686, 3686, 3686, 3686, 3686, 3686, 3686, 3686, 3686, 3686, 3686, 3686, 3686, 3686, 3686,
	3686, 3686, 3686, 3686, 3686, 3686, 3686, 3686, 3686, 3686, 3686, 3686, 3686, 3686, 3686, 3686,	3686, 3686, 3686, 3686, 3686, 3686, 3686, 3686, 3686, 3686, 3686, 3686, 3686, 3686, 3686, 3686,
	3686, 3686, 3686, 3686, 3686, 3686, 3686, 3686, 3686, 3686, 3686, 3686, 3686, 3686, 3686, 3686,	3686, 3686, 3686, 3686, 3686, 3686, 3686, 3686, 3686, 3686, 3686, 3686, 3686, 3686, 3686, 3686,
	3686, 3686, 3686, 3686, 3686, 3686, 3686, 3686, 3686, 3686, 3686, 3686, 3686, 3686, 3686, 3686,	3686, 3686, 3686, 3686, 3686, 3686, 3686, 3686, 3686, 3686, 3686, 3686, 3686, 3686, 3686, 3686,
	3686, 3686, 3686, 3686, 3686, 3686, 3686, 3686, 3686, 3686, 3686, 3686, 3686, 3686, 3686, 3686,	3686, 3686, 3686, 3686, 3686, 3686, 3686, 3686, 3686, 3686, 3686, 3686, 3686, 3686, 3686, 3686,
	3686, 3686, 3686, 3686, 3686, 3686, 3686, 3686, 3686, 3686, 3686, 3686, 3686, 3686, 3686, 3686,	3686, 3686, 3686, 3686, 3686, 3686, 3686, 3686, 3686, 3686, 3686, 3686, 3686, 3686, 3686, 3686,
	3686, 3686, 3686, 3686, 3686, 3686, 3686, 3686, 3686, 3686, 3686, 3686, 3686, 3686, 3686, 3686,	3686, 3686, 3686, 3686, 3686, 3686, 3686, 3686, 3686, 3686, 3686, 3686, 3686, 3686, 3686, 3686,
	3686, 3686, 3686, 3686, 3686, 3686, 3686, 3686, 3686, 3686, 3686, 3686, 3686, 3686, 3686, 3686,	3686, 3686, 3686, 3686, 3686, 3686, 3686, 3686, 3686, 3686, 3686, 3686, 3686, 3686, 3686, 3686,
	3686, 3686, 3686, 3686, 3686, 3686, 3686, 3686, 3686, 3686, 3686, 3686, 3686, 3686, 3686, 3686,	3686, 3686, 3686, 3686, 3686, 3686, 3686, 3686, 3686, 3686, 3686, 3686, 3686, 3686, 3686, 3686,
}
